Script started on Thu 19 Apr 2018 22:02:43 UTC
[01;32mpi@master[00m:[01;34m~/csci301-project2/HansPistor $[00m python randgen.py 
[01;32mpi@master[00m:[01;34m~/csci301-project2/HansPistor $[00m cat input.txt 
100
183 156 770 491 860 761 908 226 942 412 180 733 373 856 4 449 306 31 551 206 6 711 899 676 645 441 412 959 431 157 947 424 567 388 819 232 745 862 119 457 522 840 977 551 775 968 538 714 742 481 790 898 476 311 388 658 512 949 691 886 560 505 104 166 931 146 208 172 975 431 516 731 699 699 967 192 523 986 91 409 402 571 602 322 837 289 752 888 199 514 448 437 160 981 959 312 591 152 560 913
[01;32mpi@master[00m:[01;34m~/csci301-project2/HansPistor $[00m ./script.sh 
Bubblesorting 100 numbers on 13 procs took 0.001796 secs
[01;32mpi@master[00m:[01;34m~/csci301-project2/HansPistor $[00m cat output.txt 
100
4
6
31
91
104
119
146
152
156
157
160
166
172
180
183
192
199
206
208
226
232
289
306
311
312
322
373
388
388
402
409
412
412
424
431
431
437
441
448
449
457
476
481
491
505
512
514
516
522
523
538
551
551
560
560
567
571
591
602
645
658
676
691
699
699
711
714
731
733
742
745
752
761
770
775
790
819
837
840
856
860
862
886
888
898
899
908
913
931
942
947
949
959
959
967
968
975
977
981
986
[01;32mpi@master[00m:[01;34m~/csci301-project2/HansPistor $[00m exit
exit

Script done on Thu 19 Apr 2018 22:03:01 UTC
